uniform.txt;10;430;1049;1023;0
uniform.txt;13;559;1527;1502;0
uniform.txt;16;688;2236;2164;0
uniform.txt;20;860;3107;3062;0
uniform.txt;26;1118;4533;4420;0
uniform.txt;33;1419;6461;6331;0
uniform.txt;42;1806;8961;8621;0
uniform.txt;54;2322;12539;12191;0
uniform.txt;70;3010;17640;17187;0
uniform.txt;91;3913;25136;24280;0
uniform.txt;118;5074;35168;34139;0
uniform.txt;153;6579;48563;46945;0
uniform.txt;198;8514;67664;65907;0
uniform.txt;257;11051;93326;90860;0
uniform.txt;334;14362;129020;124942;0
uniform.txt;434;18662;177704;172128;0
uniform.txt;564;24252;244144;236393;0
uniform.txt;733;31519;332970;322978;0
uniform.txt;952;40936;454863;440509;0
uniform.txt;1237;53191;620050;600032;0
uniform.txt;1608;69144;842649;817132;0
uniform.txt;2090;89870;1141430;1105930;0
uniform.txt;2717;116831;1546540;1497302;0
uniform.txt;3532;151876;2092225;2023205;0
uniform.txt;4591;197413;2825729;2732627;0
uniform.txt;5968;256624;3812564;3685965;0
uniform.txt;7758;333594;5133899;4971899;0
uniform.txt;10085;433655;6908268;6682856;0
nonuniform.txt;10;430;741;721;0
nonuniform.txt;13;559;1187;1117;0
nonuniform.txt;16;688;1153;1122;0
nonuniform.txt;20;860;1341;1275;0
nonuniform.txt;26;1118;2778;2763;0
nonuniform.txt;33;1419;2157;2091;0
nonuniform.txt;42;1806;5069;4943;0
nonuniform.txt;54;2322;6866;6563;0
nonuniform.txt;70;3010;8579;8344;0
nonuniform.txt;91;3913;8763;8818;0
nonuniform.txt;118;5074;20788;20024;0
nonuniform.txt;153;6579;14118;13969;0
nonuniform.txt;198;8514;24014;23302;0
nonuniform.txt;257;11051;13850;13861;0
nonuniform.txt;334;14362;66773;65087;0
nonuniform.txt;434;18662;84466;81750;0
nonuniform.txt;564;24252;139900;135869;0
nonuniform.txt;733;31519;122114;120650;0
nonuniform.txt;952;40936;143985;140233;0
nonuniform.txt;1237;53191;300109;292439;0
nonuniform.txt;1608;69144;446554;437084;0
nonuniform.txt;2090;89870;501019;491274;0
nonuniform.txt;2717;116831;498618;498841;0
nonuniform.txt;3532;151876;771287;765793;0
nonuniform.txt;4591;197413;1078611;1062848;0
nonuniform.txt;5968;256624;1411647;1403047;0
nonuniform.txt;7758;333594;2658569;2597699;0
nonuniform.txt;10085;433655;3232026;3178770;0
seqtest.txt;10;10;14;18;0
seqtest.txt;13;12;19;25;0
seqtest.txt;16;16;29;42;0
seqtest.txt;20;20;37;63;0
seqtest.txt;26;26;54;102;0
seqtest.txt;33;32;69;150;0
seqtest.txt;42;42;94;250;0
seqtest.txt;54;54;120;403;0
seqtest.txt;70;70;162;663;0
seqtest.txt;91;90;222;1078;0
seqtest.txt;118;118;288;1827;0
seqtest.txt;153;152;393;3000;0
seqtest.txt;198;198;504;5047;0
seqtest.txt;257;256;661;8382;0
seqtest.txt;334;334;864;14193;0
seqtest.txt;434;434;1144;23868;0
seqtest.txt;564;564;1487;40183;0
seqtest.txt;733;732;1951;67525;0
seqtest.txt;952;952;2547;114000;0
seqtest.txt;1237;1236;3309;191887;0
seqtest.txt;1608;1608;4311;324412;0
seqtest.txt;2090;2090;5614;547578;0
seqtest.txt;2717;2716;7335;924117;0
seqtest.txt;3532;3532;9533;1562025;0
seqtest.txt;4591;4590;12392;2636953;0
